68 405
68 414
68 413
68 412
68 411
68 410
68 409
68 408
68 407
68 406
68 415
69 425
70 431
71 435
72 438
74 443
227 760
228 762
318 813
380 828
391 828
390 828
389 828
388 828
387 828
386 828
385 828
384 828
383 828
382 828
381 828
392 828
394 827
395 825
454 442
454 441
454 440
454 439
454 438
454 437
454 436
454 435
454 434
454 433
454 432
454 431
454 430
454 429
454 428
454 427
454 426
454 425
454 424
454 423
454 422
454 421
454 420
454 419
454 418
454 417
454 416
454 415
454 414
454 413
454 412
454 411
454 410
454 409
454 408
454 407
454 406
454 405
454 404
454 403
454 402
454 401
454 400
454 399
454 398
454 397
454 396
454 395
454 394
454 393
454 392
454 391
454 390
454 389
454 388
454 387
454 386
454 385
454 384
454 383
454 382
454 381
454 380
454 379
454 378
454 377
454 376
454 375
454 374
454 373
454 372
454 371
454 370
454 369
454 368
454 367
454 366
454 365
454 364
454 363
454 362
454 361
454 360
454 359
454 358
454 357
454 356
454 355
454 354
453 351
452 349
353 152
351 149
350 148
349 147
348 146
347 145
342 144
278 139
277 139
276 139
275 139
274 139
273 139
272 139
271 139
270 139
269 139
268 139
267 139
266 139
265 139
264 139
263 139
259 140
256 141
254 142
252 143
250 144
249 145
248 146
247 147
246 148
245 149
244 150
243 151
80 366
77 370
76 372
75 374
74 376
73 378
72 381
71 384
70 388
69 393
